{
 "cells": [
  {
   "cell_type": "markdown",
   "metadata": {},
   "source": [
    "This script converts my data into a similarity matrix"
   ]
  },
  {
   "cell_type": "code",
   "execution_count": 2,
   "metadata": {},
   "outputs": [],
   "source": [
    "import pandas, numpy\n",
    "from pandas import DataFrame\n",
    "import numpy as np\n",
    "import pandas as pd\n",
    "\n",
    "\n",
    "#Read in sorted data \n",
    "df = pandas.read_csv('Documents/Similarity_for_MDS.csv')\n",
    "df = df.drop(columns = \"Unnamed: 0\")\n",
    "\n",
    "\n",
    "#Define what order the words will be in the Dissimilarity matrix\n",
    "my_order = ['Animals_010_h.jpg', 'Animals_206_h.jpg', 'Faces_017_h.jpg', 'Faces_032_h.jpg', 'Faces_041_h.jpg', 'Faces_134_h.jpg', 'Faces_270_h.jpg', 'Faces_315_h.jpg', 'Landscapes_026_h.jpg', 'Landscapes_132_h.jpg', 'Objects_145_h.jpg', 'People_067_h.jpg', 'People_075_v.jpg', 'People_127_h.jpg', 'People_143_h.jpg']\n",
    "\n",
    "\n",
    "n = len(my_order)\n",
    "\n",
    "## pre-allocate Representational Dissimilarity Matrix\n",
    "rdm = numpy.zeros([n, n])\n",
    "\n",
    "#Set parameters\n",
    "num_trials = 105\n",
    "\n",
    "#Set participants\n",
    "participants = df.Participant_ID\n",
    "#Note that using this code will give us the list of participants in the order they appear rather than sorted\n",
    "indexes = np.unique(participants, return_index=True)[1]\n",
    "participants = [participants[index] for index in sorted (indexes)]\n",
    "num_participants = len(participants)\n",
    "data = ([])\n",
    "\n",
    "for ppt in range(1, num_participants+1):\n",
    "        EC_data_sorted_new = df[((ppt*num_trials)-num_trials):(num_trials*ppt)]\n",
    "        for _, row in EC_data_sorted_new.iterrows():\n",
    "            i1 = my_order.index(row.Image_1)\n",
    "            i2 = my_order.index(row.Image_2)\n",
    "            rdm[i1, i2] = row.Rating\n",
    "            ## the RDM is symmetrical about the diagonal\n",
    "            rdm[i2, i1] = row.Rating\n",
    "            #Now save a rdm for each participant to a cell array\n",
    "        data.append(rdm)\n",
    "        rdm = numpy.zeros([n, n])\n",
    "\n",
    "#Data for all participants\n",
    "data = numpy.array(data)\n",
    "\n",
    "\n",
    "#Make array for each participant \n",
    "ppt1_dist = data[0:1, 0:15,]\n",
    "ppt1_dist = ppt1_dist.reshape(15,15)\n",
    "ppt2_dist = data[1:2, :15,]\n",
    "ppt2_dist =ppt2_dist.reshape(15,15)\n",
    "ppt3_dist = data[2:3, :15,]\n",
    "ppt3_dist =ppt3_dist.reshape(15,15)\n",
    "ppt4_dist = data[3:4, :15,]\n",
    "ppt4_dist =ppt4_dist.reshape(15,15)\n",
    "ppt5_dist = data[4:5, :15,]\n",
    "ppt5_dist =ppt5_dist.reshape(15,15)\n",
    "ppt6_dist = data[5:6, :15,]\n",
    "ppt6_dist =ppt6_dist.reshape(15,15)\n",
    "ppt7_dist = data[6:7, :15,]\n",
    "ppt7_dist =ppt7_dist.reshape(15,15)\n",
    "ppt8_dist = data[7:8, :15,]\n",
    "ppt8_dist =ppt8_dist.reshape(15,15)\n",
    "ppt9_dist = data[8:9, :15,]\n",
    "ppt9_dist =ppt9_dist.reshape(15,15)\n",
    "ppt10_dist = data[9:10, :15,]\n",
    "ppt10_dist =ppt10_dist.reshape(15,15)\n",
    "ppt11_dist = data[10:11, :15,]\n",
    "ppt11_dist =ppt11_dist.reshape(15,15)\n",
    "ppt12_dist = data[11:12, :15,]\n",
    "ppt12_dist =ppt12_dist.reshape(15,15)\n",
    "ppt13_dist = data[12:13, :15,]\n",
    "ppt13_dist =ppt13_dist.reshape(15,15)\n",
    "ppt14_dist = data[13:14, :15,]\n",
    "ppt14_dist =ppt14_dist.reshape(15,15)\n",
    "ppt15_dist = data[14:15, :15,]\n",
    "ppt15_dist =ppt15_dist.reshape(15,15)\n",
    "ppt16_dist = data[15:16, :15,]\n",
    "ppt16_dist =ppt16_dist.reshape(15,15)\n",
    "ppt17_dist = data[16:17, :15,]\n",
    "ppt17_dist =ppt17_dist.reshape(15,15)\n",
    "ppt18_dist = data[17:18, :15,]\n",
    "ppt18_dist =ppt18_dist.reshape(15,15)\n",
    "ppt19_dist = data[18:19, :15,]\n",
    "ppt19_dist =ppt19_dist.reshape(15,15)\n",
    "ppt20_dist = data[19:20, :15,]\n",
    "ppt20_dist =ppt20_dist.reshape(15,15)\n",
    "ppt21_dist = data[20:21, :15,]\n",
    "ppt21_dist =ppt21_dist.reshape(15,15)\n",
    "ppt22_dist = data[21:22, :15,]\n",
    "ppt22_dist =ppt22_dist.reshape(15,15)\n",
    "ppt23_dist = data[22:23, :15,]\n",
    "ppt23_dist =ppt23_dist.reshape(15,15)\n",
    "ppt24_dist = data[23:24, :15,]\n",
    "ppt24_dist =ppt24_dist.reshape(15,15)\n",
    "ppt25_dist = data[24:25, :15,]\n",
    "ppt25_dist =ppt25_dist.reshape(15,15)\n",
    "ppt26_dist = data[25:26, :15,]\n",
    "ppt26_dist =ppt26_dist.reshape(15,15)\n",
    "ppt27_dist = data[26:27, :15,]\n",
    "ppt27_dist =ppt27_dist.reshape(15,15)\n",
    "ppt28_dist = data[27:28, :15,]\n",
    "ppt28_dist =ppt28_dist.reshape(15,15)\n",
    "ppt29_dist = data[28:29, :15,]\n",
    "ppt29_dist =ppt29_dist.reshape(15,15)\n",
    "ppt30_dist = data[29:30, :15,]\n",
    "ppt30_dist =ppt30_dist.reshape(15,15)\n",
    "ppt31_dist = data[30:31, :15,]\n",
    "ppt31_dist =ppt31_dist.reshape(15,15)\n",
    "ppt32_dist = data[31:32, :15,]\n",
    "ppt32_dist =ppt32_dist.reshape(15,15)\n",
    "ppt33_dist = data[32:33, :15,]\n",
    "ppt33_dist =ppt33_dist.reshape(15,15)\n",
    "ppt34_dist = data[33:34, :15,]\n",
    "ppt34_dist =ppt34_dist.reshape(15,15)\n",
    "ppt35_dist = data[34:35, :15,]\n",
    "ppt35_dist =ppt35_dist.reshape(15,15)\n",
    "ppt36_dist = data[35:36, :15,]\n",
    "ppt36_dist =ppt36_dist.reshape(15,15)\n",
    "ppt37_dist = data[36:37, :15,]\n",
    "ppt37_dist =ppt37_dist.reshape(15,15)\n",
    "ppt38_dist = data[37:38, :15,]\n",
    "ppt38_dist =ppt38_dist.reshape(15,15)\n",
    "ppt39_dist = data[38:39, :15,]\n",
    "ppt39_dist =ppt39_dist.reshape(15,15)\n",
    "ppt40_dist = data[39:40, :15,]\n",
    "ppt40_dist =ppt40_dist.reshape(15,15)\n",
    "ppt41_dist = data[40:41, :15,]\n",
    "ppt41_dist =ppt41_dist.reshape(15,15)\n",
    "ppt42_dist = data[41:42, :15,]\n",
    "ppt42_dist =ppt42_dist.reshape(15,15)\n",
    "ppt43_dist = data[42:43, :15,]\n",
    "ppt43_dist =ppt43_dist.reshape(15,15)\n",
    "ppt44_dist = data[43:44, :15,]\n",
    "ppt44_dist =ppt44_dist.reshape(15,15)\n",
    "ppt45_dist = data[44:45, :15,]\n",
    "ppt45_dist =ppt45_dist.reshape(15,15)\n",
    "ppt46_dist = data[45:46, :15,]\n",
    "ppt46_dist =ppt46_dist.reshape(15,15)\n",
    "ppt47_dist = data[46:47, :15,]\n",
    "ppt47_dist =ppt47_dist.reshape(15,15)\n",
    "ppt48_dist = data[47:48, :15,]\n",
    "ppt48_dist =ppt48_dist.reshape(15,15)\n",
    "ppt49_dist = data[48:49, :15,]\n",
    "ppt49_dist =ppt49_dist.reshape(15,15)\n",
    "ppt50_dist = data[49:50, :15,]\n",
    "ppt50_dist =ppt50_dist.reshape(15,15)\n",
    "ppt51_dist = data[50:51, :15,]\n",
    "ppt51_dist =ppt51_dist.reshape(15,15)\n",
    "ppt52_dist = data[51:52, :15,]\n",
    "ppt52_dist =ppt52_dist.reshape(15,15)\n",
    "ppt53_dist = data[52:53, :15,]\n",
    "ppt53_dist =ppt53_dist.reshape(15,15)\n",
    "ppt54_dist = data[53:54, :15,]\n",
    "ppt54_dist =ppt44_dist.reshape(15,15)\n",
    "ppt55_dist = data[54:55, :15,]\n",
    "ppt55_dist =ppt45_dist.reshape(15,15)\n",
    "ppt56_dist = data[55:56, :15,]\n",
    "ppt56_dist =ppt46_dist.reshape(15,15)\n",
    "ppt57_dist = data[56:57, :15,]\n",
    "ppt57_dist =ppt47_dist.reshape(15,15)\n",
    "ppt58_dist = data[57:58, :15,]\n",
    "ppt58_dist =ppt48_dist.reshape(15,15)\n",
    "ppt59_dist = data[58:59, :15,]\n",
    "ppt59_dist =ppt49_dist.reshape(15,15)\n",
    "ppt60_dist = data[59:60, :15,]\n",
    "ppt60_dist =ppt60_dist.reshape(15,15)\n",
    "ppt61_dist = data[60:61, :15,]\n",
    "ppt61_dist =ppt61_dist.reshape(15,15)\n",
    "ppt62_dist = data[61:62, :15,]\n",
    "ppt62_dist =ppt62_dist.reshape(15,15)\n",
    "ppt63_dist = data[62:63, :15,]\n",
    "ppt63_dist =ppt63_dist.reshape(15,15)\n",
    "ppt64_dist = data[63:64, :15,]\n",
    "ppt64_dist =ppt64_dist.reshape(15,15)\n",
    "ppt65_dist = data[64:65, :15,]\n",
    "ppt65_dist =ppt65_dist.reshape(15,15)\n",
    "ppt66_dist = data[65:66, :15,]\n",
    "ppt66_dist =ppt66_dist.reshape(15,15)\n",
    "ppt67_dist = data[66:67, :15,]\n",
    "ppt67_dist =ppt67_dist.reshape(15,15)\n",
    "ppt68_dist = data[67:68, :15,]\n",
    "ppt68_dist =ppt68_dist.reshape(15,15)\n",
    "ppt69_dist = data[68:69, :15,]\n",
    "ppt69_dist =ppt69_dist.reshape(15,15)\n",
    "ppt70_dist = data[69:70, :15,]\n",
    "ppt70_dist =ppt70_dist.reshape(15,15)\n",
    "ppt71_dist = data[70:71, :15,]\n",
    "ppt71_dist =ppt71_dist.reshape(15,15)\n",
    "ppt72_dist = data[71:72, :15,]\n",
    "ppt72_dist =ppt72_dist.reshape(15,15)\n",
    "ppt73_dist = data[72:73, :15,]\n",
    "ppt73_dist =ppt73_dist.reshape(15,15)\n",
    "ppt74_dist = data[73:74, :15,]\n",
    "ppt74_dist =ppt74_dist.reshape(15,15)\n",
    "ppt75_dist = data[74:75, :15,]\n",
    "ppt75_dist =ppt75_dist.reshape(15,15)\n",
    "ppt76_dist = data[75:76, :15,]\n",
    "ppt76_dist =ppt76_dist.reshape(15,15)\n",
    "ppt77_dist = data[76:77, :15,]\n",
    "ppt77_dist =ppt77_dist.reshape(15,15)\n",
    "ppt78_dist = data[77:78, :15,]\n",
    "ppt78_dist =ppt78_dist.reshape(15,15)\n",
    "ppt79_dist = data[78:79, :15,]\n",
    "ppt79_dist =ppt79_dist.reshape(15,15)\n",
    "ppt80_dist = data[79:80, :15,]\n",
    "ppt80_dist =ppt80_dist.reshape(15,15)\n",
    "ppt81_dist = data[80:81, :15,]\n",
    "ppt81_dist =ppt81_dist.reshape(15,15)\n",
    "ppt82_dist = data[81:82, :15,]\n",
    "ppt82_dist =ppt82_dist.reshape(15,15)\n",
    "ppt83_dist = data[82:83, :15,]\n",
    "ppt83_dist =ppt83_dist.reshape(15,15)\n",
    "ppt84_dist = data[83:84, :15,]\n",
    "ppt84_dist =ppt84_dist.reshape(15,15)\n",
    "ppt85_dist = data[84:85, :15,]\n",
    "ppt85_dist =ppt85_dist.reshape(15,15)\n",
    "ppt86_dist = data[85:86, :15,]\n",
    "ppt86_dist =ppt86_dist.reshape(15,15)\n",
    "ppt87_dist = data[86:87, :15,]\n",
    "ppt87_dist =ppt87_dist.reshape(15,15)\n",
    "ppt88_dist = data[87:88, :15,]\n",
    "ppt88_dist =ppt88_dist.reshape(15,15)\n",
    "ppt89_dist = data[88:89, :15,]\n",
    "ppt89_dist =ppt89_dist.reshape(15,15)\n",
    "ppt90_dist = data[89:90, :15,]\n",
    "ppt90_dist =ppt90_dist.reshape(15,15)\n",
    "ppt91_dist = data[90:91, :15,]\n",
    "ppt91_dist =ppt91_dist.reshape(15,15)\n",
    "ppt92_dist = data[91:92, :15,]\n",
    "ppt92_dist =ppt92_dist.reshape(15,15)\n",
    "ppt93_dist = data[92:93, :15,]\n",
    "ppt93_dist =ppt93_dist.reshape(15,15)\n",
    "ppt94_dist = data[93:94, :15,]\n",
    "ppt94_dist =ppt94_dist.reshape(15,15)\n",
    "ppt95_dist = data[94:95, :15,]\n",
    "ppt95_dist =ppt95_dist.reshape(15,15)\n",
    "ppt96_dist = data[95:96, :15,]\n",
    "ppt96_dist =ppt96_dist.reshape(15,15)\n",
    "ppt97_dist = data[96:97, :15,]\n",
    "ppt97_dist =ppt97_dist.reshape(15,15)\n",
    "ppt98_dist = data[97:98, :15,]\n",
    "ppt98_dist =ppt98_dist.reshape(15,15)\n",
    "ppt99_dist = data[98:99, :15,]\n",
    "ppt99_dist =ppt99_dist.reshape(15,15)\n",
    "ppt100_dist = data[99:100, :15,]\n",
    "ppt100_dist =ppt100_dist.reshape(15,15)"
   ]
  },
  {
   "cell_type": "markdown",
   "metadata": {},
   "source": [
    "Now that we've computed a dissimilarity matrix for all participants, we now want to plot the distances using multidimensional scaling..."
   ]
  },
  {
   "cell_type": "code",
   "execution_count": 3,
   "metadata": {},
   "outputs": [
    {
     "data": {
      "text/plain": [
       "array([[0.      , 2.347088, 6.006914, 4.340256, 7.314999, 0.554539,\n",
       "        3.176349, 1.511797, 4.351734, 0.665295, 5.895299, 0.606435,\n",
       "        3.373536, 3.872034, 6.768732],\n",
       "       [2.347088, 0.      , 2.051891, 1.521894, 1.508536, 4.905867,\n",
       "        1.074954, 3.856507, 1.789859, 5.761266, 1.531376, 5.472597,\n",
       "        0.89216 , 1.098779, 1.531319],\n",
       "       [6.006914, 2.051891, 0.      , 4.937487, 6.800087, 1.009022,\n",
       "        3.370381, 1.878088, 5.180734, 0.939066, 5.715626, 1.101413,\n",
       "        3.465703, 4.103633, 7.742553],\n",
       "       [4.340256, 1.521894, 4.937487, 0.      , 5.356918, 0.567343,\n",
       "        6.139061, 1.165138, 6.95283 , 0.445948, 5.433983, 0.487822,\n",
       "        6.313235, 6.768488, 5.662543],\n",
       "       [7.314999, 1.508536, 6.800087, 5.356918, 0.      , 0.428665,\n",
       "        3.439892, 1.757037, 4.442979, 0.380566, 7.079211, 0.409431,\n",
       "        3.532882, 4.677232, 7.360182],\n",
       "       [0.554539, 4.905867, 1.009022, 0.567343, 0.428665, 0.      ,\n",
       "        0.638113, 5.239974, 0.347457, 8.089183, 0.299842, 7.783619,\n",
       "        0.444237, 0.306347, 0.353071],\n",
       "       [3.176349, 1.074954, 3.370381, 6.139061, 3.439892, 0.638113,\n",
       "        0.      , 1.280621, 5.158424, 0.581244, 4.348729, 0.667727,\n",
       "        7.282556, 7.458306, 3.664121],\n",
       "       [1.511797, 3.856507, 1.878088, 1.165138, 1.757037, 5.239974,\n",
       "        1.280621, 0.      , 1.144361, 4.925781, 2.517048, 4.283801,\n",
       "        0.976948, 0.941639, 1.718407],\n",
       "       [4.351734, 1.789859, 5.180734, 6.95283 , 4.442979, 0.347457,\n",
       "        5.158424, 1.144361, 0.      , 0.420659, 4.522219, 0.359531,\n",
       "        5.879919, 6.188149, 5.584394],\n",
       "       [0.665295, 5.761266, 0.939066, 0.445948, 0.380566, 8.089183,\n",
       "        0.581244, 4.925781, 0.420659, 0.      , 0.777082, 8.310308,\n",
       "        0.477697, 0.390347, 0.453316],\n",
       "       [5.895299, 1.531376, 5.715626, 5.433983, 7.079211, 0.299842,\n",
       "        4.348729, 2.517048, 4.522219, 0.777082, 0.      , 0.328589,\n",
       "        5.002253, 4.767426, 6.638366],\n",
       "       [0.606435, 5.472597, 1.101413, 0.487822, 0.409431, 7.783619,\n",
       "        0.667727, 4.283801, 0.359531, 8.310308, 0.328589, 0.      ,\n",
       "        0.52307 , 0.33714 , 0.397909],\n",
       "       [3.373536, 0.89216 , 3.465703, 6.313235, 3.532882, 0.444237,\n",
       "        7.282556, 0.976948, 5.879919, 0.477697, 5.002253, 0.52307 ,\n",
       "        0.      , 7.374337, 3.868106],\n",
       "       [3.872034, 1.098779, 4.103633, 6.768488, 4.677232, 0.306347,\n",
       "        7.458306, 0.941639, 6.188149, 0.390347, 4.767426, 0.33714 ,\n",
       "        7.374337, 0.      , 4.759997],\n",
       "       [6.768732, 1.531319, 7.742553, 5.662543, 7.360182, 0.353071,\n",
       "        3.664121, 1.718407, 5.584394, 0.453316, 6.638366, 0.397909,\n",
       "        3.868106, 4.759997, 0.      ]])"
      ]
     },
     "execution_count": 3,
     "metadata": {},
     "output_type": "execute_result"
    }
   ],
   "source": [
    "#First need to take an average of the similarity score collapsing across the array\n",
    "All_data = np.mean(data, axis=0)\n",
    "All_data"
   ]
  },
  {
   "cell_type": "code",
   "execution_count": 4,
   "metadata": {},
   "outputs": [
    {
     "data": {
      "text/plain": [
       "array([[ 0.        , 14.61847307,  8.67774751,  8.8049968 , 10.58693344,\n",
       "        18.18144094,  9.37520348, 13.55091238,  8.55008587, 18.38557327,\n",
       "         8.80631854, 18.16351742,  9.51562194,  9.56953853, 10.0286672 ],\n",
       "       [14.61847307,  0.        , 14.54127566, 16.03249984, 15.57850453,\n",
       "         8.55523473, 14.47992136,  5.86366242, 15.29537687,  9.83533274,\n",
       "        15.03228273,  9.31290577, 14.98213294, 15.94979579, 16.02129194],\n",
       "       [ 8.67774751, 14.54127566,  0.        ,  9.25437971,  9.93453841,\n",
       "        18.57393283,  9.46337687, 14.05259077,  9.34631634, 18.64140454,\n",
       "         8.53761782, 18.60936092,  9.4105928 ,  9.5947316 , 11.1563921 ],\n",
       "       [ 8.8049968 , 16.03249984,  9.25437971,  0.        , 10.06821847,\n",
       "        19.9761073 ,  9.64039376, 15.44772461, 10.00197911, 20.04131107,\n",
       "         9.10323673, 19.87320095,  9.6344812 ,  9.90122416, 10.08608775],\n",
       "       [10.58693344, 15.57850453,  9.93453841, 10.06821847,  0.        ,\n",
       "        19.70657252,  9.85683921, 15.31841152,  8.62159767, 19.79129998,\n",
       "        10.37819646, 19.669685  ,  9.70334668, 10.57255013, 10.55009204],\n",
       "       [18.18144094,  8.55523473, 18.57393283, 19.9761073 , 19.70657252,\n",
       "         0.        , 18.41597984,  9.51738376, 18.95072643, 11.50071195,\n",
       "        18.92073949, 11.06719209, 19.00376446, 19.824269  , 20.07919636],\n",
       "       [ 9.37520348, 14.47992136,  9.46337687,  9.64039376,  9.85683921,\n",
       "        18.41597984,  0.        , 14.21956113,  8.22065286, 18.59069886,\n",
       "         9.38903099, 18.41684896, 10.36095422, 10.81747497,  9.97005428],\n",
       "       [13.55091238,  5.86366242, 14.05259077, 15.44772461, 15.31841152,\n",
       "         9.51738376, 14.21956113,  0.        , 14.55253208,  9.31073107,\n",
       "        15.22159324,  8.30858558, 14.62507294, 15.46479509, 15.78813941],\n",
       "       [ 8.55008587, 15.29537687,  9.34631634, 10.00197911,  8.62159767,\n",
       "        18.95072643,  8.22065286, 14.55253208,  0.        , 19.18597633,\n",
       "         7.71121304, 18.90864493,  9.17882166,  9.31932339,  9.90694677],\n",
       "       [18.38557327,  9.83533274, 18.64140454, 20.04131107, 19.79129998,\n",
       "        11.50071195, 18.59069886,  9.31073107, 19.18597633,  0.        ,\n",
       "        19.4449521 , 11.78829949, 19.23343015, 20.0844786 , 20.28849706],\n",
       "       [ 8.80631854, 15.03228273,  8.53761782,  9.10323673, 10.37819646,\n",
       "        18.92073949,  9.38903099, 15.22159324,  7.71121304, 19.4449521 ,\n",
       "         0.        , 18.95658397, 10.13241682,  9.17157611,  9.83726831],\n",
       "       [18.16351742,  9.31290577, 18.60936092, 19.87320095, 19.669685  ,\n",
       "        11.06719209, 18.41684896,  8.30858558, 18.90864493, 11.78829949,\n",
       "        18.95658397,  0.        , 19.03301069, 19.80548118, 20.08452281],\n",
       "       [ 9.51562194, 14.98213294,  9.4105928 ,  9.6344812 ,  9.70334668,\n",
       "        19.00376446, 10.36095422, 14.62507294,  9.17882166, 19.23343015,\n",
       "        10.13241682, 19.03301069,  0.        , 10.58374217,  9.92420365],\n",
       "       [ 9.56953853, 15.94979579,  9.5947316 ,  9.90122416, 10.57255013,\n",
       "        19.824269  , 10.81747497, 15.46479509,  9.31932339, 20.0844786 ,\n",
       "         9.17157611, 19.80548118, 10.58374217,  0.        , 10.3307216 ],\n",
       "       [10.0286672 , 16.02129194, 11.1563921 , 10.08608775, 10.55009204,\n",
       "        20.07919636,  9.97005428, 15.78813941,  9.90694677, 20.28849706,\n",
       "         9.83726831, 20.08452281,  9.92420365, 10.3307216 ,  0.        ]])"
      ]
     },
     "execution_count": 4,
     "metadata": {},
     "output_type": "execute_result"
    }
   ],
   "source": [
    "import numpy as np  \n",
    "import scipy\n",
    "import matplotlib.pyplot as plt\n",
    "from sklearn.metrics import pairwise_distances #jaccard diss.\n",
    "from sklearn import manifold  # multidimensional scaling\n",
    "\n",
    "#Compute dissimilarity matrix\n",
    "dis_matrix = pairwise_distances(All_data, metric = 'euclidean') #NEED TO DECIDE IF WE ARE DOING MANHATTAN OR EUCLIDEAN AND MAKE IT CONSISTENT\n",
    "dis_matrix"
   ]
  },
  {
   "cell_type": "code",
   "execution_count": 5,
   "metadata": {},
   "outputs": [
    {
     "data": {
      "text/plain": [
       "array([[ -3.19106124,   0.69399779],\n",
       "       [  6.01394292,   6.14793641],\n",
       "       [ -5.66521301,   4.40098591],\n",
       "       [ -8.67880198,  -4.09983226],\n",
       "       [ -5.52600048,  -7.72455278],\n",
       "       [  6.66116694,  12.13932656],\n",
       "       [ -0.56422989,  -3.91289076],\n",
       "       [  7.59799987,   2.90224738],\n",
       "       [ -4.57713503,  -3.26481302],\n",
       "       [ 14.04955553,   0.4138361 ],\n",
       "       [ -7.14224682,   1.51894452],\n",
       "       [ 11.7784315 ,   7.28511239],\n",
       "       [  1.24125093,  -7.45237474],\n",
       "       [-10.13148295,   0.71615386],\n",
       "       [ -1.8661763 ,  -9.76407736]])"
      ]
     },
     "execution_count": 5,
     "metadata": {},
     "output_type": "execute_result"
    }
   ],
   "source": [
    "import numpy as np  \n",
    "import scipy\n",
    "import matplotlib.pyplot as plt\n",
    "from sklearn.metrics import pairwise_distances \n",
    "from sklearn import manifold  # multidimensional scaling\n",
    "\n",
    "mds_model = manifold.MDS(n_components = 2, random_state = 2021,\n",
    "    dissimilarity = 'precomputed')\n",
    "\n",
    "mds_fit = mds_model.fit(dis_matrix)  \n",
    "mds_coords = mds_model.fit_transform(dis_matrix) \n",
    "\n",
    "mds_coords"
   ]
  },
  {
   "cell_type": "code",
   "execution_count": 11,
   "metadata": {},
   "outputs": [
    {
     "data": {
